1
2,3
1,5,4,6,7
2,3,11,10,8,9,13,12,14,15
1,5,4,6,7,23,22,20,21,17,16,18,19,27,26,24,25,29,28,30,31
2,3,11,10,8,9,13,12,14,15,47,46,44,45,41,40,42,43,35,34,32,33,37,36,38,39,55,54,52,53,49,48,50,51,59,58,56,57,61,60,62,63
1,5,4,6,7,23,22,20,21,17,16,18,19,27,26,24,25,29,28,30,31,95,94,92,93,89,88,90,91,83,82,80,81,85,84,86,87,71,70,68,69,65,64,66,67,75,74,72,73,77,76,78,79,111,110,108,109,105,104,106,107,99,98,96,97,101,100,102,103,119,118,116,117,113,112,114,115,123,122,120,121,125,124,126,127
2,3,11,10,8,9,13,12,14,15,47,46,44,45,41,40,42,43,35,34,32,33,37,36,38,39,55,54,52,53,49,48,50,51,59,58,56,57,61,60,62,63,191,190,188,189,185,184,186,187,179,178,176,177,181,180,182,183,167,166,164,165,161,160,162,163,171,170,168,169,173,172,174,175,143,142,140,141,137,136,138,139,131,130,128,129,133,132,134,135,151,150,148,149,145,144,146,147,155,154,152,153,157,156,158,159,223,222,220,221,217,216,218,219,211,210,208,209,213,212,214,215,199,198,196,197,193,192,194,195,203,202,200,201,205,204,206,207,239,238,236,237,233,232,234,235,227,226,224,225,229,228,230,231,247,246,244,245,241,240,242,243,251,250,248,249,253,252,254,255
1,5,4,6,7,23,22,20,21,17,16,18,19,27,26,24,25,29,28,30,31,95,94,92,93,89,88,90,91,83,82,80,81,85,84,86,87,71,70,68,69,65,64,66,67,75,74,72,73,77,76,78,79,111,110,108,109,105,104,106,107,99,98,96,97,101,100,102,103,119,118,116,117,113,112,114,115,123,122,120,121,125,124,126,127,383,382,380,381,377,376,378,379,371,370,368,369,373,372,374,375,359,358,356,357,353,352,354,355,363,362,360,361,365,364,366,367,335,334,332,333,329,328,330,331,323,322,320,321,325,324,326,327,343,342,340,341,337,336,338,339,347,346,344,345,349,348,350,351,287,286,284,285,281,280,282,283,275,274,272,273,277,276,278,279,263,262,260,261,257,256,258,259,267,266,264,265,269,268,270,271,303,302,300,301,297,296,298,299,291,290,288,289,293,292,294,295,311,310,308,309,305,304,306,307,315,314,312,313,317,316,318,319,447,446,444,445,441,440,442,443,435,434,432,433,437,436,438,439,423,422,420,421,417,416,418,419,427,426,424,425,429,428,430,431,399,398,396,397,393,392,394,395,387,386,384,385,389,388,390,391,407,406,404,405,401,400,402,403,411,410,408,409,413,412,414,415,479,478,476,477,473,472,474,475,467,466,464,465,469,468,470,471,455,454,452,453,449,448,450,451,459,458,456,457,461,460,462,463,495,494,492,493,489,488,490,491,483,482,480,481,485,484,486,487,503,502,500,501,497,496,498,499,507,506,504,505,509,508,510,511
2,3,11,10,8,9,13,12,14,15,47,46,44,45,41,40,42,43,35,34,32,33,37,36,38,39,55,54,52,53,49,48,50,51,59,58,56,57,61,60,62,63,191,190,188,189,185,184,186,187,179,178,176,177,181,180,182,183,167,166,164,165,161,160,162,163,171,170,168,169,173,172,174,175,143,142,140,141,137,136,138,139,131,130,128,129,133,132,134,135,151,150,148,149,145,144,146,147,155,154,152,153,157,156,158,159,223,222,220,221,217,216,218,219,211,210,208,209,213,212,214,215,199,198,196,197,193,192,194,195,203,202,200,201,205,204,206,207,239,238,236,237,233,232,234,235,227,226,224,225,229,228,230,231,247,246,244,245,241,240,242,243,251,250,248,249,253,252,254,255,767,766,764,765,761,760,762,763,755,754,752,753,757,756,758,759,743,742,740,741,737,736,738,739,747,746,744,745,749,748,750,751,719,718,716,717,713,712,714,715,707,706,704,705,709,708,710,711,727,726,724,725,721,720,722,723,731,730,728,729,733,732,734,735,671,670,668,669,665,664,666,667,659,658,656,657,661,660,662,663,647,646,644,645,641,640,642,643,651,650,648,649,653,652,654,655,687,686,684,685,681,680,682,683,675,674,672,673,677,676,678,679,695,694,692,693,689,688,690,691,699,698,696,697,701,700,702,703,575,574,572,573,569,568,570,571,563,562,560,561,565,564,566,567,551,550,548,549,545,544,546,547,555,554,552,553,557,556,558,559,527,526,524,525,521,520,522,523,515,514,512,513,517,516,518,519,535,534,532,533,529,528,530,531,539,538,536,537,541,540,542,543,607,606,604,605,601,600,602,603,595,594,592,593,597,596,598,599,583,582,580,581,577,576,578,579,587,586,584,585,589,588,590,591,623,622,620,621,617,616,618,619,611,610,608,609,613,612,614,615,631,630,628,629,625,624,626,627,635,634,632,633,637,636,638,639,895,894,892,893,889,888,890,891,883,882,880,881,885,884,886,887,871,870,868,869,865,864,866,867,875,874,872,873,877,876,878,879,847,846,844,845,841,840,842,843,835,834,832,833,837,836,838,839,855,854,852,853,849,848,850,851,859,858,856,857,861,860,862,863,799,798,796,797,793,792,794,795,787,786,784,785,789,788,790,791,775,774,772,773,769,768,770,771,779,778,776,777,781,780,782,783,815,814,812,813,809,808,810,811,803,802,800,801,805,804,806,807,823,822,820,821,817,816,818,819,827,826,824,825,829,828,830,831,959,958,956,957,953,952,954,955,947,946,944,945,949,948,950,951,935,934,932,933,929,928,930,931,939,938,936,937,941,940,942,943,911,910,908,909,905,904,906,907,899,898,896,897,901,900,902,903,919,918,916,917,913,912,914,915,923,922,920,921,925,924,926,927,991,990,988,989,985,984,986,987,979,978,976,977,981,980,982,983,967,966,964,965,961,960,962,963,971,970,968,969,973,972,974,975,1007,1006,1004,1005,1001,1000,1002,1003,995,994,992,993,997,996,998,999,1015,1014,1012,1013,1009,1008,1010,1011,1019,1018,1016,1017,1021,1020,1022,1023
1,5,4,6,7,23,22,20,21,17,16,18,19,27,26,24,25,29,28,30,31,95,94,92,93,89,88,90,91,83,82,80,81,85,84,86,87,71,70,68,69,65,64,66,67,75,74,72,73,77,76,78,79,111,110,108,109,105,104,106,107,99,98,96,97,101,100,102,103,119,118,116,117,113,112,114,115,123,122,120,121,125,124,126,127,383,382,380,381,377,376,378,379,371,370,368,369,373,372,374,375,359,358,356,357,353,352,354,355,363,362,360,361,365,364,366,367,335,334,332,333,329,328,330,331,323,322,320,321,325,324,326,327,343,342,340,341,337,336,338,339,347,346,344,345,349,348,350,351,287,286,284,285,281,280,282,283,275,274,272,273,277,276,278,279,263,262,260,261,257,256,258,259,267,266,264,265,269,268,270,271,303,302,300,301,297,296,298,299,291,290,288,289,293,292,294,295,311,310,308,309,305,304,306,307,315,314,312,313,317,316,318,319,447,446,444,445,441,440,442,443,435,434,432,433,437,436,438,439,423,422,420,421,417,416,418,419,427,426,424,425,429,428,430,431,399,398,396,397,393,392,394,395,387,386,384,385,389,388,390,391,407,406,404,405,401,400,402,403,411,410,408,409,413,412,414,415,479,478,476,477,473,472,474,475,467,466,464,465,469,468,470,471,455,454,452,453,449,448,450,451,459,458,456,457,461,460,462,463,495,494,492,493,489,488,490,491,483,482,480,481,485,484,486,487,503,502,500,501,497,496,498,499,507,506,504,505,509,508,510,511,1535,1534,1532,1533,1529,1528,1530,1531,1523,1522,1520,1521,1525,1524,1526,1527,1511,1510,1508,1509,1505,1504,1506,1507,1515,1514,1512,1513,1517,1516,1518,1519,1487,1486,1484,1485,1481,1480,1482,1483,1475,1474,1472,1473,1477,1476,1478,1479,1495,1494,1492,1493,1489,1488,1490,1491,1499,1498,1496,1497,1501,1500,1502,1503,1439,1438,1436,1437,1433,1432,1434,1435,1427,1426,1424,1425,1429,1428,1430,1431,1415,1414,1412,1413,1409,1408,1410,1411,1419,1418,1416,1417,1421,1420,1422,1423,1455,1454,1452,1453,1449,1448,1450,1451,1443,1442,1440,1441,1445,1444,1446,1447,1463,1462,1460,1461,1457,1456,1458,1459,1467,1466,1464,1465,1469,1468,1470,1471,1343,1342,1340,1341,1337,1336,1338,1339,1331,1330,1328,1329,1333,1332,1334,1335,1319,1318,1316,1317,1313,1312,1314,1315,1323,1322,1320,1321,1325,1324,1326,1327,1295,1294,1292,1293,1289,1288,1290,1291,1283,1282,1280,1281,1285,1284,1286,1287,1303,1302,1300,1301,1297,1296,1298,1299,1307,1306,1304,1305,1309,1308,1310,1311,1375,1374,1372,1373,1369,1368,1370,1371,1363,1362,1360,1361,1365,1364,1366,1367,1351,1350,1348,1349,1345,1344,1346,1347,1355,1354,1352,1353,1357,1356,1358,1359,1391,1390,1388,1389,1385,1384,1386,1387,1379,1378,1376,1377,1381,1380,1382,1383,1399,1398,1396,1397,1393,1392,1394,1395,1403,1402,1400,1401,1405,1404,1406,1407,1151,1150,1148,1149,1145,1144,1146,1147,1139,1138,1136,1137,1141,1140,1142,1143,1127,1126,1124,1125,1121,1120,1122,1123,1131,1130,1128,1129,1133,1132,1134,1135,1103,1102,1100,1101,1097,1096,1098,1099,1091,1090,1088,1089,1093,1092,1094,1095,1111,1110,1108,1109,1105,1104,1106,1107,1115,1114,1112,1113,1117,1116,1118,1119,1055,1054,1052,1053,1049,1048,1050,1051,1043,1042,1040,1041,1045,1044,1046,1047,1031,1030,1028,1029,1025,1024,1026,1027,1035,1034,1032,1033,1037,1036,1038,1039,1071,1070,1068,1069,1065,1064,1066,1067,1059,1058,1056,1057,1061,1060,1062,1063,1079,1078,1076,1077,1073,1072,1074,1075,1083,1082,1080,1081,1085,1084,1086,1087,1215,1214,1212,1213,1209,1208,1210,1211,1203,1202,1200,1201,1205,1204,1206,1207,1191,1190,1188,1189,1185,1184,1186,1187,1195,1194,1192,1193,1197,1196,1198,1199,1167,1166,1164,1165,1161,1160,1162,1163,1155,1154,1152,1153,1157,1156,1158,1159,1175,1174,1172,1173,1169,1168,1170,1171,1179,1178,1176,1177,1181,1180,1182,1183,1247,1246,1244,1245,1241,1240,1242,1243,1235,1234,1232,1233,1237,1236,1238,1239,1223,1222,1220,1221,1217,1216,1218,1219,1227,1226,1224,1225,1229,1228,1230,1231,1263,1262,1260,1261,1257,1256,1258,1259,1251,1250,1248,1249,1253,1252,1254,1255,1271,1270,1268,1269,1265,1264,1266,1267,1275,1274,1272,1273,1277,1276,1278,1279,1791,1790,1788,1789,1785,1784,1786,1787,1779,1778,1776,1777,1781,1780,1782,1783,1767,1766,1764,1765,1761,1760,1762,1763,1771,1770,1768,1769,1773,1772,1774,1775,1743,1742,1740,1741,1737,1736,1738,1739,1731,1730,1728,1729,1733,1732,1734,1735,1751,1750,1748,1749,1745,1744,1746,1747,1755,1754,1752,1753,1757,1756,1758,1759,1695,1694,1692,1693,1689,1688,1690,1691,1683,1682,1680,1681,1685,1684,1686,1687,1671,1670,1668,1669,1665,1664,1666,1667,1675,1674,1672,1673,1677,1676,1678,1679,1711,1710,1708,1709,1705,1704,1706,1707,1699,1698,1696,1697,1701,1700,1702,1703,1719,1718,1716,1717,1713,1712,1714,1715,1723,1722,1720,1721,1725,1724,1726,1727,1599,1598,1596,1597,1593,1592,1594,1595,1587,1586,1584,1585,1589,1588,1590,1591,1575,1574,1572,1573,1569,1568,1570,1571,1579,1578,1576,1577,1581,1580,1582,1583,1551,1550,1548,1549,1545,1544,1546,1547,1539,1538,1536,1537,1541,1540,1542,1543,1559,1558,1556,1557,1553,1552,1554,1555,1563,1562,1560,1561,1565,1564,1566,1567,1631,1630,1628,1629,1625,1624,1626,1627,1619,1618,1616,1617,1621,1620,1622,1623,1607,1606,1604,1605,1601,1600,1602,1603,1611,1610,1608,1609,1613,1612,1614,1615,1647,1646,1644,1645,1641,1640,1642,1643,1635,1634,1632,1633,1637,1636,1638,1639,1655,1654,1652,1653,1649,1648,1650,1651,1659,1658,1656,1657,1661,1660,1662,1663,1919,1918,1916,1917,1913,1912,1914,1915,1907,1906,1904,1905,1909,1908,1910,1911,1895,1894,1892,1893,1889,1888,1890,1891,1899,1898,1896,1897,1901,1900,1902,1903,1871,1870,1868,1869,1865,1864,1866,1867,1859,1858,1856,1857,1861,1860,1862,1863,1879,1878,1876,1877,1873,1872,1874,1875,1883,1882,1880,1881,1885,1884,1886,1887,1823,1822,1820,1821,1817,1816,1818,1819,1811,1810,1808,1809,1813,1812,1814,1815,1799,1798,1796,1797,1793,1792,1794,1795,1803,1802,1800,1801,1805,1804,1806,1807,1839,1838,1836,1837,1833,1832,1834,1835,1827,1826,1824,1825,1829,1828,1830,1831,1847,1846,1844,1845,1841,1840,1842,1843,1851,1850,1848,1849,1853,1852,1854,1855,1983,1982,1980,1981,1977,1976,1978,1979,1971,1970,1968,1969,1973,1972,1974,1975,1959,1958,1956,1957,1953,1952,1954,1955,1963,1962,1960,1961,1965,1964,1966,1967,1935,1934,1932,1933,1929,1928,1930,1931,1923,1922,1920,1921,1925,1924,1926,1927,1943,1942,1940,1941,1937,1936,1938,1939,1947,1946,1944,1945,1949,1948,1950,1951,2015,2014,2012,2013,2009,2008,2010,2011,2003,2002,2000,2001,2005,2004,2006,2007,1991,1990,1988,1989,1985,1984,1986,1987,1995,1994,1992,1993,1997,1996,1998,1999,2031,2030,2028,2029,2025,2024,2026,2027,2019,2018,2016,2017,2021,2020,2022,2023,2039,2038,2036,2037,2033,2032,2034,2035,2043,2042,2040,2041,2045,2044,2046,2047
2,3,11,10,8,9,13,12,14,15,47,46,44,45,41,40,42,43,35,34,32,33,37,36,38,39,55,54,52,53,49,48,50,51,59,58,56,57,61,60,62,63,191,190,188,189,185,184,186,187,179,178,176,177,181,180,182,183,167,166,164,165,161,160,162,163,171,170,168,169,173,172,174,175,143,142,140,141,137,136,138,139,131,130,128,129,133,132,134,135,151,150,148,149,145,144,146,147,155,154,152,153,157,156,158,159,223,222,220,221,217,216,218,219,211,210,208,209,213,212,214,215,199,198,196,197,193,192,194,195,203,202,200,201,205,204,206,207,239,238,236,237,233,232,234,235,227,226,224,225,229,228,230,231,247,246,244,245,241,240,242,243,251,250,248,249,253,252,254,255,767,766,764,765,761,760,762,763,755,754,752,753,757,756,758,759,743,742,740,741,737,736,738,739,747,746,744,745,749,748,750,751,719,718,716,717,713,712,714,715,707,706,704,705,709,708,710,711,727,726,724,725,721,720,722,723,731,730,728,729,733,732,734,735,671,670,668,669,665,664,666,667,659,658,656,657,661,660,662,663,647,646,644,645,641,640,642,643,651,650,648,649,653,652,654,655,687,686,684,685,681,680,682,683,675,674,672,673,677,676,678,679,695,694,692,693,689,688,690,691,699,698,696,697,701,700,702,703,575,574,572,573,569,568,570,571,563,562,560,561,565,564,566,567,551,550,548,549,545,544,546,547,555,554,552,553,557,556,558,559,527,526,524,525,521,520,522,523,515,514,512,513,517,516,518,519,535,534,532,533,529,528,530,531,539,538,536,537,541,540,542,543,607,606,604,605,601,600,602,603,595,594,592,593,597,596,598,599,583,582,580,581,577,576,578,579,587,586,584,585,589,588,590,591,623,622,620,621,617,616,618,619,611,610,608,609,613,612,614,615,631,630,628,629,625,624,626,627,635,634,632,633,637,636,638,639,895,894,892,893,889,888,890,891,883,882,880,881,885,884,886,887,871,870,868,869,865,864,866,867,875,874,872,873,877,876,878,879,847,846,844,845,841,840,842,843,835,834,832,833,837,836,838,839,855,854,852,853,849,848,850,851,859,858,856,857,861,860,862,863,799,798,796,797,793,792,794,795,787,786,784,785,789,788,790,791,775,774,772,773,769,768,770,771,779,778,776,777,781,780,782,783,815,814,812,813,809,808,810,811,803,802,800,801,805,804,806,807,823,822,820,821,817,816,818,819,827,826,824,825,829,828,830,831,959,958,956,957,953,952,954,955,947,946,944,945,949,948,950,951,935,934,932,933,929,928,930,931,939,938,936,937,941,940,942,943,911,910,908,909,905,904,906,907,899,898,896,897,901,900,902,903,919,918,916,917,913,912,914,915,923,922,920,921,925,924,926,927,991,990,988,989,985,984,986,987,979,978,976,977,981,980,982,983,967,966,964,965,961,960,962,963,971,970,968,969,973,972,974,975,1007,1006,1004,1005,1001,1000,1002,1003,995,994,992,993,997,996,998,999,1015,1014,1012,1013,1009,1008,1010,1011,1019,1018,1016,1017,1021,1020,1022,1023,3071,3070,3068,3069,3065,3064,3066,3067,3059,3058,3056,3057,3061,3060,3062,3063,3047,3046,3044,3045,3041,3040,3042,3043,3051,3050,3048,3049,3053,3052,3054,3055,3023,3022,3020,3021,3017,3016,3018,3019,3011,3010,3008,3009,3013,3012,3014,3015,3031,3030,3028,3029,3025,3024,3026,3027,3035,3034,3032,3033,3037,3036,3038,3039,2975,2974,2972,2973,2969,2968,2970,2971,2963,2962,2960,2961,2965,2964,2966,2967,2951,2950,2948,2949,2945,2944,2946,2947,2955,2954,2952,2953,2957,2956,2958,2959,2991,2990,2988,2989,2985,2984,2986,2987,2979,2978,2976,2977,2981,2980,2982,2983,2999,2998,2996,2997,2993,2992,2994,2995,3003,3002,3000,3001,3005,3004,3006,3007,2879,2878,2876,2877,2873,2872,2874,2875,2867,2866,2864,2865,2869,2868,2870,2871,2855,2854,2852,2853,2849,2848,2850,2851,2859,2858,2856,2857,2861,2860,2862,2863,2831,2830,2828,2829,2825,2824,2826,2827,2819,2818,2816,2817,2821,2820,2822,2823,2839,2838,2836,2837,2833,2832,2834,2835,2843,2842,2840,2841,2845,2844,2846,2847,2911,2910,2908,2909,2905,2904,2906,2907,2899,2898,2896,2897,2901,2900,2902,2903,2887,2886,2884,2885,2881,2880,2882,2883,2891,2890,2888,2889,2893,2892,2894,2895,2927,2926,2924,2925,2921,2920,2922,2923,2915,2914,2912,2913,2917,2916,2918,2919,2935,2934,2932,2933,2929,2928,2930,2931,2939,2938,2936,2937,2941,2940,2942,2943,2687,2686,2684,2685,2681,2680,2682,2683,2675,2674,2672,2673,2677,2676,2678,2679,2663,2662,2660,2661,2657,2656,2658,2659,2667,2666,2664,2665,2669,2668,2670,2671,2639,2638,2636,2637,2633,2632,2634,2635,2627,2626,2624,2625,2629,2628,2630,2631,2647,2646,2644,2645,2641,2640,2642,2643,2651,2650,2648,2649,2653,2652,2654,2655,2591,2590,2588,2589,2585,2584,2586,2587,2579,2578,2576,2577,2581,2580,2582,2583,2567,2566,2564,2565,2561,2560,2562,2563,2571,2570,2568,2569,2573,2572,2574,2575,2607,2606,2604,2605,2601,2600,2602,2603,2595,2594,2592,2593,2597,2596,2598,2599,2615,2614,2612,2613,2609,2608,2610,2611,2619,2618,2616,2617,2621,2620,2622,2623,2751,2750,2748,2749,2745,2744,2746,2747,2739,2738,2736,2737,2741,2740,2742,2743,2727,2726,2724,2725,2721,2720,2722,2723,2731,2730,2728,2729,2733,2732,2734,2735,2703,2702,2700,2701,2697,2696,2698,2699,2691,2690,2688,2689,2693,2692,2694,2695,2711,2710,2708,2709,2705,2704,2706,2707,2715,2714,2712,2713,2717,2716,2718,2719,2783,2782,2780,2781,2777,2776,2778,2779,2771,2770,2768,2769,2773,2772,2774,2775,2759,2758,2756,2757,2753,2752,2754,2755,2763,2762,2760,2761,2765,2764,2766,2767,2799,2798,2796,2797,2793,2792,2794,2795,2787,2786,2784,2785,2789,2788,2790,2791,2807,2806,2804,2805,2801,2800,2802,2803,2811,2810,2808,2809,2813,2812,2814,2815,2303,2302,2300,2301,2297,2296,2298,2299,2291,2290,2288,2289,2293,2292,2294,2295,2279,2278,2276,2277,2273,2272,2274,2275,2283,2282,2280,2281,2285,2284,2286,2287,2255,2254,2252,2253,2249,2248,2250,2251,2243,2242,2240,2241,2245,2244,2246,2247,2263,2262,2260,2261,2257,2256,2258,2259,2267,2266,2264,2265,2269,2268,2270,2271,2207,2206,2204,2205,2201,2200,2202,2203,2195,2194,2192,2193,2197,2196,2198,2199,2183,2182,2180,2181,2177,2176,2178,2179,2187,2186,2184,2185,2189,2188,2190,2191,2223,2222,2220,2221,2217,2216,2218,2219,2211,2210,2208,2209,2213,2212,2214,2215,2231,2230,2228,2229,2225,2224,2226,2227,2235,2234,2232,2233,2237,2236,2238,2239,2111,2110,2108,2109,2105,2104,2106,2107,2099,2098,2096,2097,2101,2100,2102,2103,2087,2086,2084,2085,2081,2080,2082,2083,2091,2090,2088,2089,2093,2092,2094,2095,2063,2062,2060,2061,2057,2056,2058,2059,2051,2050,2048,2049,2053,2052,2054,2055,2071,2070,2068,2069,2065,2064,2066,2067,2075,2074,2072,2073,2077,2076,2078,2079,2143,2142,2140,2141,2137,2136,2138,2139,2131,2130,2128,2129,2133,2132,2134,2135,2119,2118,2116,2117,2113,2112,2114,2115,2123,2122,2120,2121,2125,2124,2126,2127,2159,2158,2156,2157,2153,2152,2154,2155,2147,2146,2144,2145,2149,2148,2150,2151,2167,2166,2164,2165,2161,2160,2162,2163,2171,2170,2168,2169,2173,2172,2174,2175,2431,2430,2428,2429,2425,2424,2426,2427,2419,2418,2416,2417,2421,2420,2422,2423,2407,2406,2404,2405,2401,2400,2402,2403,2411,2410,2408,2409,2413,2412,2414,2415,2383,2382,2380,2381,2377,2376,2378,2379,2371,2370,2368,2369,2373,2372,2374,2375,2391,2390,2388,2389,2385,2384,2386,2387,2395,2394,2392,2393,2397,2396,2398,2399,2335,2334,2332,2333,2329,2328,2330,2331,2323,2322,2320,2321,2325,2324,2326,2327,2311,2310,2308,2309,2305,2304,2306,2307,2315,2314,2312,2313,2317,2316,2318,2319,2351,2350,2348,2349,2345,2344,2346,2347,2339,2338,2336,2337,2341,2340,2342,2343,2359,2358,2356,2357,2353,2352,2354,2355,2363,2362,2360,2361,2365,2364,2366,2367,2495,2494,2492,2493,2489,2488,2490,2491,2483,2482,2480,2481,2485,2484,2486,2487,2471,2470,2468,2469,2465,2464,2466,2467,2475,2474,2472,2473,2477,2476,2478,2479,2447,2446,2444,2445,2441,2440,2442,2443,2435,2434,2432,2433,2437,2436,2438,2439,2455,2454,2452,2453,2449,2448,2450,2451,2459,2458,2456,2457,2461,2460,2462,2463,2527,2526,2524,2525,2521,2520,2522,2523,2515,2514,2512,2513,2517,2516,2518,2519,2503,2502,2500,2501,2497,2496,2498,2499,2507,2506,2504,2505,2509,2508,2510,2511,2543,2542,2540,2541,2537,2536,2538,2539,2531,2530,2528,2529,2533,2532,2534,2535,2551,2550,2548,2549,2545,2544,2546,2547,2555,2554,2552,2553,2557,2556,2558,2559,3583,3582,3580,3581,3577,3576,3578,3579,3571,3570,3568,3569,3573,3572,3574,3575,3559,3558,3556,3557,3553,3552,3554,3555,3563,3562,3560,3561,3565,3564,3566,3567,3535,3534,3532,3533,3529,3528,3530,3531,3523,3522,3520,3521,3525,3524,3526,3527,3543,3542,3540,3541,3537,3536,3538,3539,3547,3546,3544,3545,3549,3548,3550,3551,3487,3486,3484,3485,3481,3480,3482,3483,3475,3474,3472,3473,3477,3476,3478,3479,3463,3462,3460,3461,3457,3456,3458,3459,3467,3466,3464,3465,3469,3468,3470,3471,3503,3502,3500,3501,3497,3496,3498,3499,3491,3490,3488,3489,3493,3492,3494,3495,3511,3510,3508,3509,3505,3504,3506,3507,3515,3514,3512,3513,3517,3516,3518,3519,3391,3390,3388,3389,3385,3384,3386,3387,3379,3378,3376,3377,3381,3380,3382,3383,3367,3366,3364,3365,3361,3360,3362,3363,3371,3370,3368,3369,3373,3372,3374,3375,3343,3342,3340,3341,3337,3336,3338,3339,3331,3330,3328,3329,3333,3332,3334,3335,3351,3350,3348,3349,3345,3344,3346,3347,3355,3354,3352,3353,3357,3356,3358,3359,3423,3422,3420,3421,3417,3416,3418,3419,3411,3410,3408,3409,3413,3412,3414,3415,3399,3398,3396,3397,3393,3392,3394,3395,3403,3402,3400,3401,3405,3404,3406,3407,3439,3438,3436,3437,3433,3432,3434,3435,3427,3426,3424,3425,3429,3428,3430,3431,3447,3446,3444,3445,3441,3440,3442,3443,3451,3450,3448,3449,3453,3452,3454,3455,3199,3198,3196,3197,3193,3192,3194,3195,3187,3186,3184,3185,3189,3188,3190,3191,3175,3174,3172,3173,3169,3168,3170,3171,3179,3178,3176,3177,3181,3180,3182,3183,3151,3150,3148,3149,3145,3144,3146,3147,3139,3138,3136,3137,3141,3140,3142,3143,3159,3158,3156,3157,3153,3152,3154,3155,3163,3162,3160,3161,3165,3164,3166,3167,3103,3102,3100,3101,3097,3096,3098,3099,3091,3090,3088,3089,3093,3092,3094,3095,3079,3078,3076,3077,3073,3072,3074,3075,3083,3082,3080,3081,3085,3084,3086,3087,3119,3118,3116,3117,3113,3112,3114,3115,3107,3106,3104,3105,3109,3108,3110,3111,3127,3126,3124,3125,3121,3120,3122,3123,3131,3130,3128,3129,3133,3132,3134,3135,3263,3262,3260,3261,3257,3256,3258,3259,3251,3250,3248,3249,3253,3252,3254,3255,3239,3238,3236,3237,3233,3232,3234,3235,3243,3242,3240,3241,3245,3244,3246,3247,3215,3214,3212,3213,3209,3208,3210,3211,3203,3202,3200,3201,3205,3204,3206,3207,3223,3222,3220,3221,3217,3216,3218,3219,3227,3226,3224,3225,3229,3228,3230,3231,3295,3294,3292,3293,3289,3288,3290,3291,3283,3282,3280,3281,3285,3284,3286,3287,3271,3270,3268,3269,3265,3264,3266,3267,3275,3274,3272,3273,3277,3276,3278,3279,3311,3310,3308,3309,3305,3304,3306,3307,3299,3298,3296,3297,3301,3300,3302,3303,3319,3318,3316,3317,3313,3312,3314,3315,3323,3322,3320,3321,3325,3324,3326,3327,3839,3838,3836,3837,3833,3832,3834,3835,3827,3826,3824,3825,3829,3828,3830,3831,3815,3814,3812,3813,3809,3808,3810,3811,3819,3818,3816,3817,3821,3820,3822,3823,3791,3790,3788,3789,3785,3784,3786,3787,3779,3778,3776,3777,3781,3780,3782,3783,3799,3798,3796,3797,3793,3792,3794,3795,3803,3802,3800,3801,3805,3804,3806,3807,3743,3742,3740,3741,3737,3736,3738,3739,3731,3730,3728,3729,3733,3732,3734,3735,3719,3718,3716,3717,3713,3712,3714,3715,3723,3722,3720,3721,3725,3724,3726,3727,3759,3758,3756,3757,3753,3752,3754,3755,3747,3746,3744,3745,3749,3748,3750,3751,3767,3766,3764,3765,3761,3760,3762,3763,3771,3770,3768,3769,3773,3772,3774,3775,3647,3646,3644,3645,3641,3640,3642,3643,3635,3634,3632,3633,3637,3636,3638,3639,3623,3622,3620,3621,3617,3616,3618,3619,3627,3626,3624,3625,3629,3628,3630,3631,3599,3598,3596,3597,3593,3592,3594,3595,3587,3586,3584,3585,3589,3588,3590,3591,3607,3606,3604,3605,3601,3600,3602,3603,3611,3610,3608,3609,3613,3612,3614,3615,3679,3678,3676,3677,3673,3672,3674,3675,3667,3666,3664,3665,3669,3668,3670,3671,3655,3654,3652,3653,3649,3648,3650,3651,3659,3658,3656,3657,3661,3660,3662,3663,3695,3694,3692,3693,3689,3688,3690,3691,3683,3682,3680,3681,3685,3684,3686,3687,3703,3702,3700,3701,3697,3696,3698,3699,3707,3706,3704,3705,3709,3708,3710,3711,3967,3966,3964,3965,3961,3960,3962,3963,3955,3954,3952,3953,3957,3956,3958,3959,3943,3942,3940,3941,3937,3936,3938,3939,3947,3946,3944,3945,3949,3948,3950,3951,3919,3918,3916,3917,3913,3912,3914,3915,3907,3906,3904,3905,3909,3908,3910,3911,3927,3926,3924,3925,3921,3920,3922,3923,3931,3930,3928,3929,3933,3932,3934,3935,3871,3870,3868,3869,3865,3864,3866,3867,3859,3858,3856,3857,3861,3860,3862,3863,3847,3846,3844,3845,3841,3840,3842,3843,3851,3850,3848,3849,3853,3852,3854,3855,3887,3886,3884,3885,3881,3880,3882,3883,3875,3874,3872,3873,3877,3876,3878,3879,3895,3894,3892,3893,3889,3888,3890,3891,3899,3898,3896,3897,3901,3900,3902,3903,4031,4030,4028,4029,4025,4024,4026,4027,4019,4018,4016,4017,4021,4020,4022,4023,4007,4006,4004,4005,4001,4000,4002,4003,4011,4010,4008,4009,4013,4012,4014,4015,3983,3982,3980,3981,3977,3976,3978,3979,3971,3970,3968,3969,3973,3972,3974,3975,3991,3990,3988,3989,3985,3984,3986,3987,3995,3994,3992,3993,3997,3996,3998,3999,4063,4062,4060,4061,4057,4056,4058,4059,4051,4050,4048,4049,4053,4052,4054,4055,4039,4038,4036,4037,4033,4032,4034,4035,4043,4042,4040,4041,4045,4044,4046,4047,4079,4078,4076,4077,4073,4072,4074,4075,4067,4066,4064,4065,4069,4068,4070,4071,4087,4086,4084,4085,4081,4080,4082,4083,4091,4090,4088,4089,4093,4092,4094,4095